

lambda(nm), Y
1000, 0.734182
996.678, 0.72677
993.377, 0.719007
990.099, 0.710949
986.842, 0.702624
983.607, 0.694029
980.392, 0.685112
977.199, 0.67578
974.026, 0.665907
970.874, 0.655354
967.742, 0.643992
964.63, 0.631731
961.538, 0.618545
958.466, 0.604484
955.414, 0.589683
952.381, 0.574353
949.367, 0.558757
946.372, 0.543182
943.396, 0.527896
940.439, 0.51311
937.5, 0.498943
934.579, 0.485397
931.677, 0.472347
928.793, 0.459557
925.926, 0.446704
923.077, 0.433424
920.245, 0.419368
917.431, 0.404257
914.634, 0.387941
911.854, 0.370441
909.091, 0.351971
906.344, 0.332947
903.614, 0.313966
900.901, 0.295769
898.204, 0.279179
895.522, 0.265042
892.857, 0.254152
890.208, 0.247188
887.574, 0.244661
884.956, 0.24688
882.353, 0.253929
879.765, 0.265675
877.193, 0.281786
874.636, 0.301767
872.093, 0.325004
869.565, 0.350813
867.052, 0.378484
864.553, 0.407323
862.069, 0.436685
859.599, 0.465995
857.143, 0.494766
854.701, 0.522597
852.273, 0.549178
849.858, 0.57428
847.458, 0.59775
845.07, 0.619499
842.697, 0.639499
840.336, 0.657772
837.989, 0.67438
835.655, 0.689421
833.333, 0.703017
831.025, 0.715303
828.729, 0.726421
826.446, 0.736502
824.176, 0.745663
821.918, 0.753997
819.672, 0.761568
817.439, 0.768415
815.217, 0.774554
813.008, 0.779987
810.811, 0.784712
808.625, 0.788735
806.452, 0.792078
804.29, 0.794785
802.139, 0.796925
800, 0.798586
797.872, 0.799869
795.756, 0.800879
793.651, 0.801709
791.557, 0.802429
789.474, 0.803082
787.402, 0.803678
785.34, 0.804195
783.29, 0.804592
781.25, 0.804817
779.221, 0.804819
777.202, 0.80457
775.194, 0.804065
773.196, 0.803336
771.208, 0.802444
769.231, 0.801474
767.263, 0.800518
765.306, 0.799659
763.359, 0.798954
761.421, 0.798414
759.494, 0.797998
757.576, 0.797612
755.668, 0.797116
753.769, 0.796342
751.88, 0.795119
750, 0.793297
748.13, 0.790779
746.269, 0.787543
744.417, 0.78365
742.574, 0.779254
740.741, 0.774587
738.916, 0.769935
737.101, 0.765614
735.294, 0.761924
733.496, 0.759119
731.707, 0.757367
729.927, 0.756734
728.155, 0.757167
726.392, 0.758501
724.638, 0.760473
722.892, 0.762757
721.154, 0.764996
719.424, 0.766843
717.703, 0.768004
715.99, 0.768262
714.286, 0.767501
712.589, 0.76571
710.9, 0.76298
709.22, 0.759481
707.547, 0.755437
705.882, 0.751093
704.225, 0.746681
702.576, 0.742395
700.935, 0.738369
699.301, 0.734669
697.674, 0.73129
696.056, 0.728171
694.444, 0.725208
692.841, 0.722277
691.244, 0.719259
689.655, 0.716053
688.073, 0.712596
686.499, 0.708867
684.932, 0.704883
683.371, 0.700697
681.818, 0.696384
680.272, 0.692023
678.733, 0.687688
677.201, 0.683435
675.676, 0.679292
674.157, 0.675261
672.646, 0.671319
671.141, 0.667426
669.643, 0.663533
668.151, 0.659597
666.667, 0.655583
665.188, 0.651478
663.717, 0.647287
662.252, 0.643032
660.793, 0.638752
659.341, 0.634488
657.895, 0.630279
656.455, 0.626155
655.022, 0.622125
653.595, 0.618183
652.174, 0.6143
650.759, 0.610435
649.351, 0.606538
647.948, 0.602556
646.552, 0.598446
645.161, 0.594176
643.777, 0.589733
642.398, 0.585121
641.026, 0.580362
639.659, 0.575487
638.298, 0.570534
636.943, 0.56554
635.593, 0.560535
634.249, 0.555537
632.911, 0.550551
631.579, 0.545566
630.252, 0.540564
628.931, 0.535517
627.615, 0.530399
626.305, 0.525186
625, 0.519864
623.701, 0.514428
622.407, 0.508886
621.118, 0.503254
619.835, 0.497556
618.557, 0.491817
617.284, 0.486062
616.016, 0.480306
614.754, 0.474559
613.497, 0.468819
612.245, 0.463077
610.998, 0.457316
609.756, 0.451517
608.519, 0.44566
607.287, 0.439731
606.061, 0.433721
604.839, 0.427632
603.622, 0.42147
602.41, 0.415251
601.202, 0.408993
600, 0.402715
598.802, 0.396433
597.61, 0.390159
596.421, 0.383898
595.238, 0.377647
594.059, 0.371398
592.885, 0.365139
591.716, 0.358856
590.551, 0.352538
589.391, 0.346175
588.235, 0.339766
587.084, 0.333313
585.938, 0.326826
584.795, 0.320317
583.658, 0.313802
582.524, 0.307295
581.395, 0.300809
580.271, 0.294352
579.151, 0.287926
578.035, 0.281531
576.923, 0.27516
575.816, 0.268804
574.713, 0.262457
573.614, 0.256112
572.519, 0.249764
571.429, 0.243416
570.342, 0.237072
569.26, 0.230742
568.182, 0.224439
567.108, 0.218173
566.038, 0.211959
564.972, 0.205804
563.91, 0.199715
562.852, 0.193695
561.798, 0.187742
560.748, 0.181853
559.701, 0.176023
558.659, 0.170248
557.621, 0.164525
556.586, 0.158855
555.556, 0.15324
554.529, 0.147688
553.506, 0.142205
552.486, 0.136804
551.471, 0.131493
550.459, 0.126281
549.451, 0.121175
548.446, 0.116179
547.445, 0.111295
546.448, 0.106521
545.455, 0.101857
544.465, 0.0972999
543.478, 0.0928475
542.495, 0.0885
541.516, 0.0842594
540.541, 0.0801296
539.568, 0.0761166
538.6, 0.0722271
537.634, 0.0684686
536.673, 0.0648477
535.714, 0.0613696
534.759, 0.0580381
533.808, 0.0548546
532.86, 0.051819
531.915, 0.0489301
530.973, 0.0461859
530.035, 0.0435849
529.101, 0.0411264
528.169, 0.0388108
527.241, 0.03664
526.316, 0.0346173
525.394, 0.0327465
524.476, 0.0310317
523.56, 0.0294767
522.648, 0.0280841
521.739, 0.0268551
520.833, 0.0257896
519.931, 0.0248861
519.031, 0.0241421
518.135, 0.0235549
517.241, 0.0231219
516.351, 0.022841
515.464, 0.0227114
514.58, 0.0227331
513.699, 0.0229071
512.821, 0.0232349
511.945, 0.0237181
511.073, 0.0243575
510.204, 0.0251533
509.338, 0.0261042
508.475, 0.0272077
507.614, 0.0284602
506.757, 0.0298575
505.902, 0.0313951
505.051, 0.0330687
504.202, 0.0348751
503.356, 0.036812
502.513, 0.0388781
501.672, 0.0410732
500.835, 0.0433975
500, 0.0458512
499.168, 0.048434
498.339, 0.0511445
497.512, 0.05398
496.689, 0.0569366
495.868, 0.0600092
495.05, 0.0631919
494.234, 0.0664788
493.421, 0.0698644
492.611, 0.0733441
491.803, 0.0769147
490.998, 0.0805742
490.196, 0.084322
489.396, 0.0881581
488.599, 0.0920828
487.805, 0.0960961
487.013, 0.100197
486.224, 0.104382
485.437, 0.108649
484.653, 0.112991
483.871, 0.117402
483.092, 0.121876
482.315, 0.126407
481.541, 0.130988
480.769, 0.135616
480, 0.140289
479.233, 0.145006
478.469, 0.149767
477.707, 0.154573
476.948, 0.159426
476.19, 0.164327
475.436, 0.169273
474.684, 0.174262
473.934, 0.179291
473.186, 0.184353
472.441, 0.189442
471.698, 0.194552
470.958, 0.199676
470.219, 0.20481
469.484, 0.209952
468.75, 0.215099
468.019, 0.220254
467.29, 0.225418
466.563, 0.230593
465.839, 0.235782
465.116, 0.240986
464.396, 0.246204
463.679, 0.251434
462.963, 0.256672
462.25, 0.261912
461.538, 0.267148
460.829, 0.272375
460.123, 0.277586
459.418, 0.282779
458.716, 0.287952
458.015, 0.293105
457.317, 0.29824
456.621, 0.303362
455.927, 0.308473
455.235, 0.313576
454.545, 0.318674
453.858, 0.323766
453.172, 0.32885
452.489, 0.333923
451.807, 0.338979
451.128, 0.344012
450.45, 0.349017
449.775, 0.35399
449.102, 0.358926
448.43, 0.363827
447.761, 0.368694
447.094, 0.373529
446.429, 0.378337
445.765, 0.383123
445.104, 0.387891
444.444, 0.392642
443.787, 0.397376
443.131, 0.402093
442.478, 0.406788
441.826, 0.411456
441.176, 0.416092
440.529, 0.420689
439.883, 0.425245
439.239, 0.429758
438.596, 0.434226
437.956, 0.438654
437.318, 0.443044
436.681, 0.447402
436.047, 0.451733
435.414, 0.456041
434.783, 0.460328
434.153, 0.464594
433.526, 0.468838
432.9, 0.473055
432.277, 0.477241
431.655, 0.48139
431.034, 0.485497
430.416, 0.489558
429.799, 0.493571
429.185, 0.497539
428.571, 0.501462
427.96, 0.505346
427.35, 0.509197
426.743, 0.513018
426.136, 0.516814
425.532, 0.520588
424.929, 0.52434
424.328, 0.528066
423.729, 0.531764
423.131, 0.535428
422.535, 0.539052
421.941, 0.542631
421.348, 0.546161
420.757, 0.549642
420.168, 0.553074
419.58, 0.55646
418.994, 0.559803
418.41, 0.56311
417.827, 0.566386
417.246, 0.569633
416.667, 0.572853
416.089, 0.576047
415.512, 0.579211
414.938, 0.58234
414.365, 0.585428
413.793, 0.588469
413.223, 0.591457
412.655, 0.594389
412.088, 0.597261
411.523, 0.600075
410.959, 0.602833
410.397, 0.605537
409.836, 0.608192
409.277, 0.610802
408.719, 0.613369
408.163, 0.615894
407.609, 0.618374
407.056, 0.620805
406.504, 0.62318
405.954, 0.625493
405.405, 0.627735
404.858, 0.629901
404.313, 0.631985
403.769, 0.633984
403.226, 0.6359
402.685, 0.637733
402.145, 0.639489
401.606, 0.641172
401.07, 0.642788
400.534, 0.644341
400, 0.645837
399.467, 0.647277
398.936, 0.648663
398.406, 0.649997
397.878, 0.65128
397.351, 0.652517
396.825, 0.653712
396.301, 0.654875
395.778, 0.656016
395.257, 0.657152
394.737, 0.658299
394.218, 0.659476
393.701, 0.660703
393.185, 0.661997
392.67, 0.663372
392.157, 0.664839
391.645, 0.666406
391.134, 0.668073
390.625, 0.66984
390.117, 0.671699
389.61, 0.673644
389.105, 0.675666
388.601, 0.677755
388.098, 0.679904
387.597, 0.682105
387.097, 0.684353
386.598, 0.686644
386.1, 0.688974
385.604, 0.691338
385.109, 0.693732
384.615, 0.69615
384.123, 0.698584
383.632, 0.701024
383.142, 0.703461
382.653, 0.705883
382.166, 0.708281
381.679, 0.710647
381.194, 0.712975
380.711, 0.715262
380.228, 0.717506
379.747, 0.719711
379.267, 0.72188
378.788, 0.724017
378.31, 0.726126
377.834, 0.72821
377.358, 0.73027
376.884, 0.732306
376.412, 0.734313
375.94, 0.736288
375.469, 0.738225
375, 0.740118
374.532, 0.741963
374.065, 0.743757
373.599, 0.745501
373.134, 0.747194
372.671, 0.748843
372.208, 0.750451
371.747, 0.752024
371.287, 0.753567
370.828, 0.755083
370.37, 0.756574
369.914, 0.758039
369.458, 0.759475
369.004, 0.760876
368.55, 0.762236
368.098, 0.76355
367.647, 0.764813
367.197, 0.76602
366.748, 0.767171
366.3, 0.768266
365.854, 0.769309
365.408, 0.770304
364.964, 0.771254
364.52, 0.772164
364.078, 0.773035
363.636, 0.773869
363.196, 0.774661
362.757, 0.775407
362.319, 0.776101
361.882, 0.776735
361.446, 0.777301
361.011, 0.777791
360.577, 0.778201
360.144, 0.778527
359.712, 0.778767
359.281, 0.778923
358.852, 0.778997
358.423, 0.778989
357.995, 0.778902
357.569, 0.778736
357.143, 0.778487
356.718, 0.778152
356.295, 0.777723
355.872, 0.777192
355.45, 0.77655
355.03, 0.775786
354.61, 0.774894
354.191, 0.773866
353.774, 0.772701
353.357, 0.771398
352.941, 0.769959
352.526, 0.76839
352.113, 0.766696
351.7, 0.764885
351.288, 0.762964
350.877, 0.76094
350.467, 0.75882
350.058, 0.75661
349.65, 0.754315
349.243, 0.751944
348.837, 0.749506
348.432, 0.747011
348.028, 0.744477
347.625, 0.741919
347.222, 0.73936
346.821, 0.736823
346.42, 0.734333
346.021, 0.731912
345.622, 0.729585
345.224, 0.727371
344.828, 0.725286
344.432, 0.723344
344.037, 0.721553
343.643, 0.719919
343.249, 0.718446
342.857, 0.717136
342.466, 0.715992
342.075, 0.715019
341.686, 0.714222
341.297, 0.713608
340.909, 0.713186
340.522, 0.712966
340.136, 0.712958
339.751, 0.713169
339.367, 0.713605
338.983, 0.714267
338.6, 0.715152
338.219, 0.716255
337.838, 0.717565
337.458, 0.719068
337.079, 0.72075
336.7, 0.722595
336.323, 0.724586
335.946, 0.72671
335.57, 0.728954
335.196, 0.731305
334.821, 0.733752
334.448, 0.736286
334.076, 0.738896
333.704, 0.741569
333.333, 0.744291
332.963, 0.747047
332.594, 0.74982
332.226, 0.75259
331.858, 0.755339
331.492, 0.758049
331.126, 0.760705
330.761, 0.763293
330.396, 0.765804
330.033, 0.768233
329.67, 0.770578
329.308, 0.77284
328.947, 0.775019
328.587, 0.77712
328.228, 0.779144
327.869, 0.781093
327.511, 0.782964
327.154, 0.784754
326.797, 0.786458
326.442, 0.78807
326.087, 0.789584
325.733, 0.790995
325.38, 0.7923
325.027, 0.793499
324.675, 0.794593
324.324, 0.795588
323.974, 0.796489
323.625, 0.797306
323.276, 0.798043
322.928, 0.798708
322.581, 0.799303
322.234, 0.799829
321.888, 0.800285
321.543, 0.800665
321.199, 0.800965
320.856, 0.801178
320.513, 0.801299
320.171, 0.801323
319.829, 0.801249
319.489, 0.801079
319.149, 0.800816
318.81, 0.800465
318.471, 0.800035
318.134, 0.799529
317.797, 0.798954
317.46, 0.798312
317.125, 0.797603
316.79, 0.796824
316.456, 0.79597
316.122, 0.795033
315.789, 0.794006
315.457, 0.792882
315.126, 0.791656
314.795, 0.790324
314.465, 0.788888
314.136, 0.787348
313.808, 0.78571
313.48, 0.783981
313.152, 0.782164
312.826, 0.780265
312.5, 0.778287
312.175, 0.77623
311.85, 0.774089
311.526, 0.771859
311.203, 0.769534
310.881, 0.767104
310.559, 0.764563
310.238, 0.761904
309.917, 0.759124
309.598, 0.756222
309.278, 0.753202
308.96, 0.750068
308.642, 0.746826
308.325, 0.743483
308.008, 0.740044
307.692, 0.736513
307.377, 0.732892
307.062, 0.729178
306.748, 0.725368
306.435, 0.721455
306.122, 0.717433
305.81, 0.713296
305.499, 0.709039
305.188, 0.704661
304.878, 0.700164
304.569, 0.695551
304.26, 0.690831
303.951, 0.686013
303.644, 0.681105
303.337, 0.676119
303.03, 0.671061
302.725, 0.665937
302.419, 0.660749
302.115, 0.655498
301.811, 0.650183
301.508, 0.644802
301.205, 0.639353
300.903, 0.633836
300.601, 0.628254
300.3, 0.622614
300, 0.616925



