

lambda(nm), Y
1000, 0.901463
996.678, 0.901117
993.377, 0.900635
990.099, 0.89999
986.842, 0.899165
983.607, 0.89816
980.392, 0.896986
977.199, 0.895667
974.026, 0.894239
970.874, 0.892742
967.742, 0.891222
964.63, 0.889724
961.538, 0.888292
958.466, 0.886961
955.414, 0.885756
952.381, 0.884692
949.367, 0.883771
946.372, 0.882983
943.396, 0.882304
940.439, 0.881703
937.5, 0.881142
934.579, 0.880577
931.677, 0.879965
928.793, 0.879266
925.926, 0.878445
923.077, 0.877478
920.245, 0.87635
917.431, 0.875056
914.634, 0.873607
911.854, 0.872022
909.091, 0.870331
906.344, 0.868568
903.614, 0.866774
900.901, 0.86499
898.204, 0.863254
895.522, 0.861598
892.857, 0.860046
890.208, 0.858613
887.574, 0.857301
884.956, 0.856103
882.353, 0.854999
879.765, 0.85396
877.193, 0.852953
874.636, 0.851939
872.093, 0.850875
869.565, 0.849726
867.052, 0.848458
864.553, 0.847046
862.069, 0.845475
859.599, 0.843739
857.143, 0.841847
854.701, 0.839814
852.273, 0.837667
849.858, 0.83544
847.458, 0.833169
845.07, 0.830895
842.697, 0.828655
840.336, 0.82648
837.989, 0.824395
835.655, 0.822417
833.333, 0.82055
831.025, 0.818787
828.729, 0.81711
826.446, 0.815492
824.176, 0.8139
821.918, 0.812292
819.672, 0.810628
817.439, 0.808868
815.217, 0.806976
813.008, 0.804924
810.811, 0.802693
808.625, 0.800276
806.452, 0.797678
804.29, 0.794913
802.139, 0.792009
800, 0.789
797.872, 0.785928
795.756, 0.782835
793.651, 0.779764
791.557, 0.776754
789.474, 0.773835
787.402, 0.771029
785.34, 0.768344
783.29, 0.765776
781.25, 0.763306
779.221, 0.760905
777.202, 0.758531
775.194, 0.756133
773.196, 0.753658
771.208, 0.751049
769.231, 0.748254
767.263, 0.745226
765.306, 0.74193
763.359, 0.738344
761.421, 0.734459
759.494, 0.730286
757.576, 0.725852
755.668, 0.721198
753.769, 0.71638
751.88, 0.711467
750, 0.70653
748.13, 0.701648
746.269, 0.696896
744.417, 0.692342
742.574, 0.688047
740.741, 0.684056
738.916, 0.680396
737.101, 0.677078
735.294, 0.674094
733.496, 0.671414
731.707, 0.668994
729.927, 0.666772
728.155, 0.664676
726.392, 0.662625
724.638, 0.660534
722.892, 0.658321
721.154, 0.655904
719.424, 0.653215
717.703, 0.650194
715.99, 0.646797
714.286, 0.642996
712.589, 0.63878
710.9, 0.634153
709.22, 0.629136
707.547, 0.623762
705.882, 0.618075
704.225, 0.612126
702.576, 0.605969
700.935, 0.599663
699.301, 0.593258
697.674, 0.586806
696.056, 0.580345
694.444, 0.573909
692.841, 0.567518
691.244, 0.561184
689.655, 0.554907
688.073, 0.54868
686.499, 0.542487
684.932, 0.536306
683.371, 0.530112
681.818, 0.523878
680.272, 0.517579
678.733, 0.511191
677.201, 0.504693
675.676, 0.498071
674.157, 0.491315
672.646, 0.484422
671.141, 0.477394
669.643, 0.470239
668.151, 0.462967
666.667, 0.455593
665.188, 0.448132
663.717, 0.440603
662.252, 0.433019
660.793, 0.425394
659.341, 0.417741
657.895, 0.410066
656.455, 0.402374
655.022, 0.394668
653.595, 0.386944
652.174, 0.379199
650.759, 0.371428
649.351, 0.363622
647.948, 0.355777
646.552, 0.347886
645.161, 0.339944
643.777, 0.331949
642.398, 0.323902
641.026, 0.315806
639.659, 0.307665
638.298, 0.299487
636.943, 0.291283
635.593, 0.283064
634.249, 0.274842
632.911, 0.266629
631.579, 0.258439
630.252, 0.250283
628.931, 0.242171
627.615, 0.234114
626.305, 0.226117
625, 0.218188
623.701, 0.210332
622.407, 0.202552
621.118, 0.19485
619.835, 0.18723
618.557, 0.179695
617.284, 0.172246
616.016, 0.16489
614.754, 0.15763
613.497, 0.150472
612.245, 0.143425
610.998, 0.136497
609.756, 0.129699
608.519, 0.12304
607.287, 0.116532
606.061, 0.110187
604.839, 0.104015
603.622, 0.0980278
602.41, 0.0922349
601.202, 0.0866455
600, 0.0812675
598.802, 0.0761078
597.61, 0.0711721
596.421, 0.0664652
595.238, 0.0619908
594.059, 0.0577523
592.885, 0.0537525
591.716, 0.0499942
590.551, 0.04648
589.391, 0.0432127
588.235, 0.0401955
587.084, 0.0374319
585.938, 0.0349254
584.795, 0.03268
583.658, 0.0306995
582.524, 0.0289877
581.395, 0.0275481
580.271, 0.0263833
579.151, 0.0254957
578.035, 0.0248863
576.923, 0.0245554
575.816, 0.0245021
574.713, 0.0247246
573.614, 0.0252201
572.519, 0.0259847
571.429, 0.0270139
570.342, 0.0283029
569.26, 0.0298463
568.182, 0.0316385
567.108, 0.0336741
566.038, 0.0359478
564.972, 0.0384545
563.91, 0.0411895
562.852, 0.0441481
561.798, 0.0473261
560.748, 0.0507191
559.701, 0.054323
558.659, 0.058133
557.621, 0.0621445
556.586, 0.066352
555.556, 0.0707495
554.529, 0.0753304
553.506, 0.0800872
552.486, 0.0850119
551.471, 0.0900959
550.459, 0.0953302
549.451, 0.100705
548.446, 0.106212
547.445, 0.11184
546.448, 0.117582
545.455, 0.123428
544.465, 0.129371
543.478, 0.135404
542.495, 0.14152
541.516, 0.147714
540.541, 0.153981
539.568, 0.160317
538.6, 0.166719
537.634, 0.173181
536.673, 0.179701
535.714, 0.186276
534.759, 0.1929
533.808, 0.19957
532.86, 0.206279
531.915, 0.213023
530.973, 0.219795
530.035, 0.226588
529.101, 0.233396
528.169, 0.240211
527.241, 0.247025
526.316, 0.253833
525.394, 0.260628
524.476, 0.267405
523.56, 0.274158
522.648, 0.280885
521.739, 0.287583
520.833, 0.294249
519.931, 0.300883
519.031, 0.307485
518.135, 0.314056
517.241, 0.320595
516.351, 0.327104
515.464, 0.333583
514.58, 0.340032
513.699, 0.34645
512.821, 0.352837
511.945, 0.35919
511.073, 0.365506
510.204, 0.371783
509.338, 0.378015
508.475, 0.3842
507.614, 0.390332
506.757, 0.396408
505.902, 0.402424
505.051, 0.408376
504.202, 0.414263
503.356, 0.420082
502.513, 0.425833
501.672, 0.431517
500.835, 0.437135
500, 0.44269
499.168, 0.448184
498.339, 0.45362
497.512, 0.459001
496.689, 0.464331
495.868, 0.469612
495.05, 0.474846
494.234, 0.480034
493.421, 0.485177
492.611, 0.490274
491.803, 0.495323
490.998, 0.500322
490.196, 0.505269
489.396, 0.51016
488.599, 0.514992
487.805, 0.519762
487.013, 0.524468
486.224, 0.529107
485.437, 0.533678
484.653, 0.538181
483.871, 0.542618
483.092, 0.546988
482.315, 0.551296
481.541, 0.555545
480.769, 0.559738
480, 0.563879
479.233, 0.567972
478.469, 0.572022
477.707, 0.57603
476.948, 0.58
476.19, 0.583934
475.436, 0.587831
474.684, 0.591691
473.934, 0.595513
473.186, 0.599295
472.441, 0.603034
471.698, 0.606727
470.958, 0.610371
470.219, 0.613964
469.484, 0.617502
468.75, 0.620984
468.019, 0.62441
467.29, 0.62778
466.563, 0.631093
465.839, 0.634354
465.116, 0.637563
464.396, 0.640726
463.679, 0.643846
462.963, 0.646927
462.25, 0.649972
461.538, 0.652987
460.829, 0.655974
460.123, 0.658934
459.418, 0.66187
458.716, 0.664782
458.015, 0.667669
457.317, 0.670529
456.621, 0.673361
455.927, 0.676161
455.235, 0.678927
454.545, 0.681655
453.858, 0.684342
453.172, 0.686986
452.489, 0.689585
451.807, 0.692139
451.128, 0.694647
450.45, 0.697111
449.775, 0.699532
449.102, 0.701914
448.43, 0.70426
447.761, 0.706574
447.094, 0.708859
446.429, 0.71112
445.765, 0.71336
445.104, 0.715582
444.444, 0.717787
443.787, 0.719977
443.131, 0.722151
442.478, 0.72431
441.826, 0.72645
441.176, 0.72857
440.529, 0.730667
439.883, 0.732736
439.239, 0.734776
438.596, 0.736783
437.956, 0.738754
437.318, 0.740688
436.681, 0.742583
436.047, 0.744441
435.414, 0.746262
434.783, 0.748047
434.153, 0.7498
433.526, 0.751523
432.9, 0.753221
432.277, 0.754897
431.655, 0.756554
431.034, 0.758195
430.416, 0.759824
429.799, 0.76144
429.185, 0.763046
428.571, 0.764641
427.96, 0.766223
427.35, 0.767791
426.743, 0.769342
426.136, 0.770872
425.532, 0.772378
424.929, 0.773858
424.328, 0.775306
423.729, 0.776722
423.131, 0.778104
422.535, 0.779449
421.941, 0.780758
421.348, 0.782032
420.757, 0.783272
420.168, 0.784481
419.58, 0.785661
418.994, 0.786815
418.41, 0.787945
417.827, 0.789056
417.246, 0.790149
416.667, 0.791226
416.089, 0.792288
415.512, 0.793335
414.938, 0.794365
414.365, 0.795377
413.793, 0.796368
413.223, 0.797335
412.655, 0.798273
412.088, 0.79918
411.523, 0.800051
410.959, 0.800882
410.397, 0.80167
409.836, 0.802412
409.277, 0.803106
408.719, 0.803752
408.163, 0.804348
407.609, 0.804895
407.056, 0.805393
406.504, 0.805844
405.954, 0.806248
405.405, 0.806607
404.858, 0.80692
404.313, 0.807188
403.769, 0.80741
403.226, 0.807584
402.685, 0.807708
402.145, 0.807778
401.606, 0.80779
401.07, 0.807737
400.534, 0.807616
400, 0.807418
399.467, 0.807137
398.936, 0.806767
398.406, 0.806302
397.878, 0.805735
397.351, 0.80506
396.825, 0.804272
396.301, 0.803367
395.778, 0.80234
395.257, 0.801188
394.737, 0.799907
394.218, 0.798496
393.701, 0.79695
393.185, 0.795268
392.67, 0.793448
392.157, 0.791488
391.645, 0.789386
391.134, 0.787144
390.625, 0.784761
390.117, 0.782239
389.61, 0.779583
389.105, 0.776798
388.601, 0.773894
388.098, 0.770883
387.597, 0.767781
387.097, 0.764607
386.598, 0.761384
386.1, 0.758138
385.604, 0.754901
385.109, 0.751706
384.615, 0.748588
384.123, 0.745585
383.632, 0.742735
383.142, 0.740076
382.653, 0.737645
382.166, 0.735477
381.679, 0.7336
381.194, 0.732042
380.711, 0.730823
380.228, 0.729956
379.747, 0.729449
379.267, 0.729303
378.788, 0.72951
378.31, 0.730057
377.834, 0.730923
377.358, 0.732084
376.884, 0.733507
376.412, 0.735159
375.94, 0.737003
375.469, 0.739001
375, 0.741112
374.532, 0.7433
374.065, 0.745527
373.599, 0.747761
373.134, 0.749969
372.671, 0.752126
372.208, 0.754209
371.747, 0.756197
371.287, 0.758077
370.828, 0.759836
370.37, 0.761466
369.914, 0.762961
369.458, 0.764319
369.004, 0.765537
368.55, 0.766616
368.098, 0.767555
367.647, 0.768357
367.197, 0.769024
366.748, 0.769558
366.3, 0.769962
365.854, 0.770242
365.408, 0.770403
364.964, 0.770452
364.52, 0.770398
364.078, 0.770251
363.636, 0.770027
363.196, 0.769739
362.757, 0.769407
362.319, 0.769052
361.882, 0.768696
361.446, 0.768363
361.011, 0.768079
360.577, 0.76787
360.144, 0.76776
359.712, 0.767775
359.281, 0.767934
358.852, 0.768259
358.423, 0.768764
357.995, 0.769462
357.569, 0.77036
357.143, 0.77146
356.718, 0.772761
356.295, 0.774257
355.872, 0.775938
355.45, 0.77779
355.03, 0.779796
354.61, 0.781937
354.191, 0.784193
353.774, 0.786543
353.357, 0.788966
352.941, 0.791443
352.526, 0.793954
352.113, 0.796484
351.7, 0.799016
351.288, 0.80154
350.877, 0.804046
350.467, 0.806526
350.058, 0.808975
349.65, 0.811388
349.243, 0.813764
348.837, 0.816101
348.432, 0.818398
348.028, 0.820653
347.625, 0.822865
347.222, 0.825033
346.821, 0.827154
346.42, 0.829226
346.021, 0.831244
345.622, 0.833206
345.224, 0.835107
344.828, 0.836942
344.432, 0.83871
344.037, 0.840407
343.643, 0.842031
343.249, 0.843582
342.857, 0.845061
342.466, 0.846469
342.075, 0.84781
341.686, 0.849089
341.297, 0.850311
340.909, 0.851482
340.522, 0.852608
340.136, 0.853695
339.751, 0.85475
339.367, 0.855777
338.983, 0.856781
338.6, 0.857763
338.219, 0.858724
337.838, 0.859666
337.458, 0.860585
337.079, 0.86148
336.7, 0.862346
336.323, 0.86318
335.946, 0.863977
335.57, 0.864732
335.196, 0.865442
334.821, 0.866103
334.448, 0.866715
334.076, 0.867276
333.704, 0.867788
333.333, 0.868252
332.963, 0.868672
332.594, 0.869054
332.226, 0.869402
331.858, 0.869722
331.492, 0.870021
331.126, 0.870303
330.761, 0.870575
330.396, 0.87084
330.033, 0.8711
329.67, 0.871357
329.308, 0.871609
328.947, 0.871856
328.587, 0.872093
328.228, 0.872315
327.869, 0.872518
327.511, 0.872695
327.154, 0.87284
326.797, 0.872945
326.442, 0.873008
326.087, 0.873021
325.733, 0.872983
325.38, 0.872891
325.027, 0.872745
324.675, 0.872545
324.324, 0.872295
323.974, 0.871997
323.625, 0.871656
323.276, 0.871275
322.928, 0.870861
322.581, 0.870416
322.234, 0.869946
321.888, 0.869452
321.543, 0.868936
321.199, 0.868399
320.856, 0.867839
320.513, 0.867255
320.171, 0.866641
319.829, 0.865994
319.489, 0.865308
319.149, 0.864579
318.81, 0.863799
318.471, 0.862965
318.134, 0.862071
317.797, 0.861114
317.46, 0.860092
317.125, 0.859004
316.79, 0.85785
316.456, 0.856631
316.122, 0.85535
315.789, 0.85401
315.457, 0.852614
315.126, 0.851166
314.795, 0.849669
314.465, 0.848126
314.136, 0.84654
313.808, 0.844909
313.48, 0.843234
313.152, 0.841513
312.826, 0.839742
312.5, 0.837917
312.175, 0.836032
311.85, 0.83408
311.526, 0.832056
311.203, 0.829953
310.881, 0.827764
310.559, 0.825486
310.238, 0.823115
309.917, 0.820647
309.598, 0.818082
309.278, 0.81542
308.96, 0.812666
308.642, 0.809821
308.325, 0.806891
308.008, 0.803883
307.692, 0.800803
307.377, 0.797656
307.062, 0.794451
306.748, 0.791192
306.435, 0.787884
306.122, 0.784532
305.81, 0.781137
305.499, 0.777701
305.188, 0.774225
304.878, 0.770706
304.569, 0.767144
304.26, 0.763536
303.951, 0.759881
303.644, 0.756176
303.337, 0.752421
303.03, 0.748616
302.725, 0.744763
302.419, 0.740865
302.115, 0.736928
301.811, 0.732957
301.508, 0.728962
301.205, 0.724953
300.903, 0.72094
300.601, 0.716936
300.3, 0.712952
300, 0.709001



