

lambda(nm), Y
1000, 0.577585
996.678, 0.574008
993.377, 0.571513
990.099, 0.570042
986.842, 0.569472
983.607, 0.569624
980.392, 0.570277
977.199, 0.571189
974.026, 0.572113
970.874, 0.572815
967.742, 0.573092
964.63, 0.572783
961.538, 0.571776
958.466, 0.570015
955.414, 0.567498
952.381, 0.56427
949.367, 0.560418
946.372, 0.556054
943.396, 0.55131
940.439, 0.546318
937.5, 0.541204
934.579, 0.536073
931.677, 0.531007
928.793, 0.52606
925.926, 0.521253
923.077, 0.516582
920.245, 0.512017
917.431, 0.507512
914.634, 0.50301
911.854, 0.498452
909.091, 0.493784
906.344, 0.48896
903.614, 0.48395
900.901, 0.478738
898.204, 0.473328
895.522, 0.467739
892.857, 0.462
890.208, 0.456152
887.574, 0.450239
884.956, 0.444306
882.353, 0.438392
879.765, 0.432529
877.193, 0.426741
874.636, 0.421036
872.093, 0.415417
869.565, 0.409871
867.052, 0.404384
864.553, 0.398932
862.069, 0.393492
859.599, 0.388044
857.143, 0.382572
854.701, 0.377066
852.273, 0.371529
849.858, 0.36597
847.458, 0.360409
845.07, 0.354874
842.697, 0.3494
840.336, 0.344021
837.989, 0.338775
835.655, 0.333695
833.333, 0.328806
831.025, 0.324125
828.729, 0.319656
826.446, 0.315391
824.176, 0.311308
821.918, 0.307374
819.672, 0.303545
817.439, 0.299768
815.217, 0.295987
813.008, 0.292147
810.811, 0.288195
808.625, 0.284086
806.452, 0.279787
804.29, 0.275277
802.139, 0.270551
800, 0.265622
797.872, 0.260513
795.756, 0.255264
793.651, 0.249924
791.557, 0.244544
789.474, 0.23918
787.402, 0.233884
785.34, 0.228697
783.29, 0.223652
781.25, 0.218766
779.221, 0.214039
777.202, 0.209458
775.194, 0.204991
773.196, 0.2006
771.208, 0.196235
769.231, 0.191847
767.263, 0.187386
765.306, 0.182814
763.359, 0.178103
761.421, 0.173244
759.494, 0.168243
757.576, 0.16313
755.668, 0.15795
753.769, 0.152765
751.88, 0.147647
750, 0.142674
748.13, 0.137925
746.269, 0.133469
744.417, 0.129363
742.574, 0.125644
740.741, 0.122329
738.916, 0.119408
737.101, 0.116848
735.294, 0.114591
733.496, 0.112564
731.707, 0.110676
729.927, 0.108833
728.155, 0.106936
726.392, 0.104897
724.638, 0.102639
722.892, 0.100105
721.154, 0.0972585
719.424, 0.0940889
717.703, 0.0906092
715.99, 0.0868546
714.286, 0.0828794
712.589, 0.0787518
710.9, 0.0745482
709.22, 0.0703471
707.547, 0.0662234
705.882, 0.0622429
704.225, 0.0584586
702.576, 0.0549075
700.935, 0.0516096
699.301, 0.0485684
697.674, 0.0457721
696.056, 0.0431972
694.444, 0.0408113
692.841, 0.0385778
691.244, 0.0364595
689.655, 0.0344225
688.073, 0.0324391
686.499, 0.0304895
684.932, 0.0285632
683.371, 0.0266586
681.818, 0.0247821
680.272, 0.0229463
678.733, 0.0211678
677.201, 0.0194649
675.676, 0.0178547
674.157, 0.0163518
672.646, 0.0149663
671.141, 0.0137032
669.643, 0.0125621
668.151, 0.0115378
666.667, 0.0106216
665.188, 0.00980209
663.717, 0.00906736
662.252, 0.00840624
660.793, 0.00780969
659.341, 0.0072718
657.895, 0.00679025
656.455, 0.00636629
655.022, 0.00600433
653.595, 0.00571105
652.174, 0.00549431
650.759, 0.00536196
649.351, 0.0053207
647.948, 0.00537513
646.552, 0.00552715
645.161, 0.00577574
643.777, 0.00611706
642.398, 0.00654504
641.026, 0.00705219
639.659, 0.00763051
638.298, 0.00827259
636.943, 0.00897249
635.593, 0.00972644
634.249, 0.0105333
632.911, 0.0113945
631.579, 0.0123139
630.252, 0.013297
628.931, 0.0143503
627.615, 0.0154802
626.305, 0.0166919
625, 0.0179891
623.701, 0.0193727
622.407, 0.020841
621.118, 0.0223898
619.835, 0.0240123
618.557, 0.0257003
617.284, 0.0274451
616.016, 0.0292378
614.754, 0.0310714
613.497, 0.0329405
612.245, 0.0348425
610.998, 0.0367778
609.756, 0.0387495
608.519, 0.040763
607.287, 0.0428253
606.061, 0.0449442
604.839, 0.0471268
603.622, 0.049379
602.41, 0.0517045
601.202, 0.054104
600, 0.0565753
598.802, 0.0591131
597.61, 0.0617096
596.421, 0.0643554
595.238, 0.0670403
594.059, 0.0697542
592.885, 0.0724889
591.716, 0.0752379
590.551, 0.0779982
589.391, 0.0807695
588.235, 0.0835551
587.084, 0.0863608
585.938, 0.0891942
584.795, 0.0920641
583.658, 0.0949789
582.524, 0.0979457
581.395, 0.100969
580.271, 0.104052
579.151, 0.107192
578.035, 0.110385
576.923, 0.113622
575.816, 0.116895
574.713, 0.120191
573.614, 0.123501
572.519, 0.126813
571.429, 0.130121
570.342, 0.133419
569.26, 0.136706
568.182, 0.139985
567.108, 0.143262
566.038, 0.146543
564.972, 0.149838
563.91, 0.153158
562.852, 0.156511
561.798, 0.159905
560.748, 0.163343
559.701, 0.166825
558.659, 0.17035
557.621, 0.173911
556.586, 0.177498
555.556, 0.181101
554.529, 0.184708
553.506, 0.188308
552.486, 0.191892
551.471, 0.195452
550.459, 0.198986
549.451, 0.202495
548.446, 0.205982
547.445, 0.209455
546.448, 0.212922
545.455, 0.216396
544.465, 0.219884
543.478, 0.223398
542.495, 0.226942
541.516, 0.230521
540.541, 0.234133
539.568, 0.237775
538.6, 0.241439
537.634, 0.245115
536.673, 0.248791
535.714, 0.252456
534.759, 0.256099
533.808, 0.259713
532.86, 0.263291
531.915, 0.266831
530.973, 0.270337
530.035, 0.273814
529.101, 0.27727
528.169, 0.280715
527.241, 0.284161
526.316, 0.287618
525.394, 0.291094
524.476, 0.294595
523.56, 0.298123
522.648, 0.301677
521.739, 0.30525
520.833, 0.308836
519.931, 0.312423
519.031, 0.315999
518.135, 0.319554
517.241, 0.323077
516.351, 0.326562
515.464, 0.330003
514.58, 0.333402
513.699, 0.336761
512.821, 0.340088
511.945, 0.343392
511.073, 0.346683
510.204, 0.349973
509.338, 0.353272
508.475, 0.356587
507.614, 0.359924
506.757, 0.363283
505.902, 0.366663
505.051, 0.370055
504.202, 0.373453
503.356, 0.376844
502.513, 0.380218
501.672, 0.383563
500.835, 0.38687
500, 0.390134
499.168, 0.393351
498.339, 0.396523
497.512, 0.399654
496.689, 0.402752
495.868, 0.405827
495.05, 0.408891
494.234, 0.411953
493.421, 0.415025
492.611, 0.418112
491.803, 0.421218
490.998, 0.424344
490.196, 0.427486
489.396, 0.430637
488.599, 0.433788
487.805, 0.436927
487.013, 0.440044
486.224, 0.443128
485.437, 0.446171
484.653, 0.449167
483.871, 0.452116
483.092, 0.45502
482.315, 0.457883
481.541, 0.460716
480.769, 0.463527
480, 0.466328
479.233, 0.469129
478.469, 0.47194
477.707, 0.474766
476.948, 0.477611
476.19, 0.480474
475.436, 0.483349
474.684, 0.48623
473.934, 0.489106
473.186, 0.491967
472.441, 0.494802
471.698, 0.497601
470.958, 0.500357
470.219, 0.503065
469.484, 0.505725
468.75, 0.508339
468.019, 0.510914
467.29, 0.513459
466.563, 0.515984
465.839, 0.5185
465.116, 0.521016
464.396, 0.52354
463.679, 0.526079
462.963, 0.528632
462.25, 0.531199
461.538, 0.533774
460.829, 0.536348
460.123, 0.538912
459.418, 0.541454
458.716, 0.543962
458.015, 0.546428
457.317, 0.548844
456.621, 0.551206
455.927, 0.553513
455.235, 0.555769
454.545, 0.557978
453.858, 0.56015
453.172, 0.562292
452.489, 0.564416
451.807, 0.566527
451.128, 0.568634
450.45, 0.570737
449.775, 0.572838
449.102, 0.574932
448.43, 0.57701
447.761, 0.579064
447.094, 0.581079
446.429, 0.583043
445.765, 0.584944
445.104, 0.586769
444.444, 0.588509
443.787, 0.59016
443.131, 0.591718
442.478, 0.593186
441.826, 0.594568
441.176, 0.595873
440.529, 0.597108
439.883, 0.598286
439.239, 0.599416
438.596, 0.600509
437.956, 0.601574
437.318, 0.602616
436.681, 0.603643
436.047, 0.604656
435.414, 0.605658
434.783, 0.606653
434.153, 0.607642
433.526, 0.608628
432.9, 0.609617
432.277, 0.610617
431.655, 0.611636
431.034, 0.612685
430.416, 0.613777
429.799, 0.614924
429.185, 0.616138
428.571, 0.61743
427.96, 0.618806
427.35, 0.62027
426.743, 0.621822
426.136, 0.623455
425.532, 0.625159
424.929, 0.626919
424.328, 0.628717
423.729, 0.630533
423.131, 0.632345
422.535, 0.634134
421.941, 0.635882
421.348, 0.637574
420.757, 0.639199
420.168, 0.640753
419.58, 0.642235
418.994, 0.643649
418.41, 0.645003
417.827, 0.646309
417.246, 0.647579
416.667, 0.648827
416.089, 0.650066
415.512, 0.651305
414.938, 0.652554
414.365, 0.653815
413.793, 0.655092
413.223, 0.656382
412.655, 0.657682
412.088, 0.658986
411.523, 0.660288
410.959, 0.661584
410.397, 0.662867
409.836, 0.664137
409.277, 0.665392
408.719, 0.666635
408.163, 0.66787
407.609, 0.669101
407.056, 0.670335
406.504, 0.671578
405.954, 0.672833
405.405, 0.674105
404.858, 0.675392
404.313, 0.676694
403.769, 0.678006
403.226, 0.679321
402.685, 0.68063
402.145, 0.681926
401.606, 0.683201
401.07, 0.684448
400.534, 0.685665
400, 0.68685
399.467, 0.688006
398.936, 0.689143
398.406, 0.690269
397.878, 0.691398
397.351, 0.692545
396.825, 0.693725
396.301, 0.694953
395.778, 0.69624
395.257, 0.697597
394.737, 0.699028
394.218, 0.700535
393.701, 0.702112
393.185, 0.703753
392.67, 0.705447
392.157, 0.70718
391.645, 0.708938
391.134, 0.710707
390.625, 0.712474
390.117, 0.714231
389.61, 0.71597
389.105, 0.717688
388.601, 0.719386
388.098, 0.721068
387.597, 0.72274
387.097, 0.724409
386.598, 0.726082
386.1, 0.727768
385.604, 0.72947
385.109, 0.731191
384.615, 0.73293
384.123, 0.734683
383.632, 0.736442
383.142, 0.738199
382.653, 0.739943
382.166, 0.741662
381.679, 0.743346
381.194, 0.744987
380.711, 0.746579
380.228, 0.748119
379.747, 0.749609
379.267, 0.751052
378.788, 0.752456
378.31, 0.753831
377.834, 0.755186
377.358, 0.756531
376.884, 0.757876
376.412, 0.759228
375.94, 0.760589
375.469, 0.761962
375, 0.763342
374.532, 0.764724
374.065, 0.7661
373.599, 0.767459
373.134, 0.768792
372.671, 0.770089
372.208, 0.771342
371.747, 0.772547
371.287, 0.7737
370.828, 0.774804
370.37, 0.775863
369.914, 0.776885
369.458, 0.777879
369.004, 0.778854
368.55, 0.779821
368.098, 0.780789
367.647, 0.781764
367.197, 0.782749
366.748, 0.783743
366.3, 0.784745
365.854, 0.785746
365.408, 0.786739
364.964, 0.787712
364.52, 0.788654
364.078, 0.789555
363.636, 0.790406
363.196, 0.791201
362.757, 0.791938
362.319, 0.792617
361.882, 0.793241
361.446, 0.793817
361.011, 0.794352
360.577, 0.794857
360.144, 0.795339
359.712, 0.795807
359.281, 0.796264
358.852, 0.796714
358.423, 0.797154
357.995, 0.797579
357.569, 0.79798
357.143, 0.798347
356.718, 0.798668
356.295, 0.798927
355.872, 0.799113
355.45, 0.799215
355.03, 0.799223
354.61, 0.799131
354.191, 0.798937
353.774, 0.798641
353.357, 0.798247
352.941, 0.797758
352.526, 0.797182
352.113, 0.796523
351.7, 0.795786
351.288, 0.794972
350.877, 0.794081
350.467, 0.793107
350.058, 0.792044
349.65, 0.790878
349.243, 0.789598
348.837, 0.788189
348.432, 0.786636
348.028, 0.784925
347.625, 0.783046
347.222, 0.780991
346.821, 0.77876
346.42, 0.776355
346.021, 0.773785
345.622, 0.771064
345.224, 0.768213
344.828, 0.765254
344.432, 0.762216
344.037, 0.759128
343.643, 0.756021
343.249, 0.752928
342.857, 0.749881
342.466, 0.746909
342.075, 0.744043
341.686, 0.741312
341.297, 0.738741
340.909, 0.736358
340.522, 0.734186
340.136, 0.73225
339.751, 0.730572
339.367, 0.729172
338.983, 0.72807
338.6, 0.727281
338.219, 0.726819
337.838, 0.726692
337.458, 0.726902
337.079, 0.727448
336.7, 0.728319
336.323, 0.729498
335.946, 0.730964
335.57, 0.732687
335.196, 0.734632
334.821, 0.736762
334.448, 0.739036
334.076, 0.741414
333.704, 0.743856
333.333, 0.746327
332.963, 0.748794
332.594, 0.751233
332.226, 0.753623
331.858, 0.755951
331.492, 0.758211
331.126, 0.760401
330.761, 0.762524
330.396, 0.764584
330.033, 0.766589
329.67, 0.768544
329.308, 0.770453
328.947, 0.772318
328.587, 0.774136
328.228, 0.7759
327.869, 0.777604
327.511, 0.779233
327.154, 0.780775
326.797, 0.782218
326.442, 0.783547
326.087, 0.784752
325.733, 0.785828
325.38, 0.78677
325.027, 0.787581
324.675, 0.788265
324.324, 0.788832
323.974, 0.789294
323.625, 0.789664
323.276, 0.789955
322.928, 0.790179
322.581, 0.790345
322.234, 0.79046
321.888, 0.790526
321.543, 0.790539
321.199, 0.790494
320.856, 0.79038
320.513, 0.790186
320.171, 0.789899
319.829, 0.789505
319.489, 0.788995
319.149, 0.788358
318.81, 0.787591
318.471, 0.786693
318.134, 0.785668
317.797, 0.784521
317.46, 0.783262
317.125, 0.781903
316.79, 0.780456
316.456, 0.77893
316.122, 0.777335
315.789, 0.775674
315.457, 0.773951
315.126, 0.772161
314.795, 0.770298
314.465, 0.768351
314.136, 0.766309
313.808, 0.764158
313.48, 0.761884
313.152, 0.759476
312.826, 0.756925
312.5, 0.754226
312.175, 0.751376
311.85, 0.74838
311.526, 0.745243
311.203, 0.741977
310.881, 0.738592
310.559, 0.735102
310.238, 0.73152
309.917, 0.727855
309.598, 0.724115
309.278, 0.720306
308.96, 0.716428
308.642, 0.712478
308.325, 0.708449
308.008, 0.704334
307.692, 0.700124
307.377, 0.695809
307.062, 0.691383
306.748, 0.68684
306.435, 0.68218
306.122, 0.677406
305.81, 0.672526
305.499, 0.667552
305.188, 0.662498
304.878, 0.657382
304.569, 0.652221
304.26, 0.647033
303.951, 0.641833
303.644, 0.636635
303.337, 0.631447
303.03, 0.626275
302.725, 0.621121
302.419, 0.615982
302.115, 0.610855
301.811, 0.605733
301.508, 0.60061
301.205, 0.595482
300.903, 0.590347
300.601, 0.585206
300.3, 0.580065
300, 0.574932



